REPETICIONES = 1
ITERACIONES = 2000
L = 300
N = 9
A_POTENCIAL = 9.990000e-01 1.001000e+00 
ALFA_POTENCIAL = 2
R = 2
DELTA_AVANCE = 1
DELTA_ROTACION = 5.235988e-01
W = 1 3 5 7 9 11 13 15 17 
SIGMA_ROTACION = 0
R_COLISION = 1
ACTIVAR_GRAFICOS = 1
TAM_IDENTIFICADOR = 6